5032862052
488641343
8034488066
6339356506
1317782081
961625858
1302096443
6215588748
8035280358
7918452679
787413207
5706401236
6431680826
1287033217
5512740589
7159398254
521229443
6089561226
7765634744
265382934
8262629913
852216396
7956894697
6618005702
690040915
6376170295
805323661
397969991
1055801253
6452610928
8177197298
1127262523
5203532970
1787824071
508823672
44308341
7197419722
6388063403
6696987337
1254207321
7310175155
1944665369
1654241104
687335728
7975122024
6539737516
5792855694
7290059806
1031786995
8184463316
2092430670
7869222047
1212893692
8231914056
1759333810
683212847
7767166100
389670989
6655419383
5544912310
7216920498
396496473
750020090
8115464980
1173833492
911439153
5703577063
6111005829
7622317573
7964638788
5357993916
7187673218
478006069
1360261267
5960401536
8430836726
5803106462
8220822535
8156566117
7996937031
8314820103
654439732
821692118
7470341161
1085323839
7935159189
379028097
5330290071
6290525829
6549744316
2077431975
6584140088
1233064769
5628975602
752488243
5910991438
8000105074
6311365806
335567616
874651937
7619161689
8384471041
7501320254
854070805
8204668591
6567396186
7219728439
926355387
1137518210
7290691750
5503927569
1750019503
6166722801
7712460116
7907198108
7620289821
1258159266
1783017450
7995801454
7846178791
1604981684
6897902723
7285079254
382886328
672458379
6496055011
812801219
6839316060
6851517987
1688927854
2026945358
5490864395
8034012052
821051416
265834126
5744528280
8146184094
1744030089
7983142526
6260823908
6511792876
6317066754
583739791
8391001461
6033930747
5830323901
2085162280
5803688286
188954059
6460099610
7645739932
7056466252
1987116680
6415913521
6627120946
7300581254
1028027849
552258900
691302002
661298364
6574034547
6576290840
1144072559
842597240
1619147593
1909295020
7060997940
6958311627
1008521402
7436103116
8470193536
1352440263
367630052
5573829679
6252392525
6107746308
1574751399
7799985333
854402124
114898307
8219367552
7352250705
6597233943
7902207315
1062600441
6148070540
7658437329
8395171452
800057149
8516808772
7962274754
6741825155
6138894763
6476810503
8094921613
980472560
8543282556
943078434
8595838927
7676426544
652596389
7805871699
6148925567
6590664525
6887346616
5673616005
6758161867
7626861091
6994641055
488761933
44882040
6783745603
5850960278
6670942999
7190080853
7005366197
6754996448
944346342
8331888920
7078248047
6530887152
6614443022
6946814465
6816602021
7071697495
7436416361
846209579
7874281942
8207883975
1653494471
756881632
7635120744
7893093904
1449681503
1627136139
6640938219
1190694385
1348543435
1915741064
5083199437
5584726387
7861177281
7845212382
8014021585
353131591
853732242
6286628419
7665284719
1183598316
7785495879
1465139636
7837660573
5549388864
973374773
762793480
7661878805
7786431582
8521613376
5700128600
6726275368
6231333214
6662813267
816574093
624351817
6425095409
5548176798
7439168144
7180376487
7180345942
7139004442
8178850981
1798230850
8508437942
5379314248
5614296609
8019130301
6002491840
7015697651
5522474094
5508786145
6358841031
7311929339
7865359570
498218731
6358647765
7546079693
1683255965
7519050158
6723156107
7116047955
769551477
199828678
8371936307
8164870194
7947002951
7068778786
6518751832
6572819880
5811679291
7898336697
6352086288
8130235636
1868213681
1174021784
8371118653
667337228
8142957274
7324417428
7968897161
7981926189
7509718843
6861751805
7034616648
8551314281
8069701646
7139667519
8282752555
7014150488
5698590023
8563108100
6625370738
8363767166
7183850686
1468690690
6737848294
8422396604
799138379
816941840
6587775795
7417311970
1013277618
5110439569
8302909691
7226610721
246518110
1794522109
578166737
969023482
6059343808
8112490969
6825222515
7439353826
1040986950
7037886027
1087801285
7179068279
584724596
7879148795
7399145324
6576547388
189407573
534806253
7291496433
1382692974
6854686167
8189383660
6552071306
1421654536
1982218673
6178022302
7181024118
7438134971
711244673
8442369276
530673763
7795124224
6229374105
960701194
1244242220
6663152422
1471066242
8070295126
408087558
528834321
932876478
7204385784
5482926375
561487021
8581150098
7088467357
8518258066
2003308742
5322424979
1773158793
1464040207
7696678824
7326042486
6932722066
8520999755
8516940951
7918365702
6990309825
5777767689
8124172889
700655918
5099249983
8299947811
8358395718
510202227
5465991732
568518963
8588477772
6797586417
6533901401
755295582
7345240344
1731790156
818503488
490868213
5054979265
997921050
6710805495
7436622342
575316162
1252312079
5263610094
1177684564
5901076976
6506816240
6876276750
5083282407
6404215447
750543313
753537335
6957133405
5225112134
651577008
5049927542
513281694
6147681658
2060830159
5964968091
766036539
7336332397
1240148546
7341240421
6432294511
7424842240
7423142388
6782544405
7756883427
75197016
847162355
661319325
1996058764
8012274606
7239768033
5967935510
323449192
8046289382
1219065516
1162262231
8038389994
5146988785
2004154207
7955491128
8396345228
7626469386
5974120684
8299889316
6555629157
7851564231
772551263
6990334576
8061548292
6567996125
2010618751
1542642799
2079735929
5290136098
7077012967
765082146
7715942569
1475376017
7799209291
5894987351
5009971693
1083990561
1407624506
308415050
7384482913
6673504080
610278367
819167905
1380034004
7095659274
7086818166
8269601076
6985916257
8343302297
5347070774
7576148109
894043824
6802633524
915355064
5695733932
880364725
5633450477
5096893406
7468791861
460081586
765260636
7992051793
5920464368
615770400
7192760406
1925070655
1469546760
8357655532
8292878517
8555233824
1146055130
1084359915
3755613
1533980958
5985206110
7986559049
6298417986
5297209764
370411970
2063690028
5198079552
817166520
6527967867
5114855226
8590531481
8297772326
1585468562
6818288263
719677300
5915906253
6080175809
5179711708
1828070789
7393382151
8037137050
1069333406
8038777760
689198005
530266193
8571934423
866940965
683941469
8079311526
356305784
5679128523
421821396
8581326096
6169235548
1313119407
7873454423
6812833890
1605972444
328029021
973084429
694796802
8306840066
1529393656
6560504083
7548299803
5628286596
8358083580
664326843
7605694957
665699239
8203649952
8026016990
604306046
5534764423
7810698322
6824094411
624619578
5542969771
5726004291
1154633798
6749869168
1683177786
626544303
6680256734
6763605465
8409696266
6620124042
8031900617
2144613745
984112001
8144083375
8593022957
1383877982
8059229991
7824834152
6166111887
6981187750
8313051257
6761773768
1377117700
8300546837
448298268
7508057828
7671272049
6082600188
5089364247
7030641098
907070044
6379429739
828592173
639171944
2123506936
219442170
311897246
8480019790
7796755503
5779686469
421845075
6492418143
1339828817
6158689101
1731780544
6092517960
861290826
5889393849
5113794366
7092663676
8471987796
8288880154
6567933358
6696911733
8031142837
495611847
5356159923
1319633242
5824654233
7907317081
7153067042
1556077776
5055910603
314093876
5413790659
1918825101
8245385795
6103636503
5882594117
5745501447
5667377346
650006059
7553948718
7443801437
8283375134
7007674851
427870163
1042157060
1145032045
7699740305
654651404
5153557874
8081495513
5323636683
8145847316
5592418281
6927869131
763798269
5977151517
7644922601
856887954
5747638746
1857665213
6711969730
8525418578
909859263
8003597082
1462214408
1717640863
6475306609
8352731596
5093744270
8022937662
5096288242
502885357
1227188554
1710151811
6023821896
2091640469
5208951799
6924298522
5125711157
330539999
1025442858
921889749
1153361558
5715241233
7212830034
7088892032
1300788992
6076354311
1443001968
7829376761
6693389981
835272985
5803056303
7261901185
952615169
7225502728
8382017001
7753130297
1008694563
7202130563
5301730365
5700992394
1045485038
5530116805
5030100901
995950943
984182161
516366172
508009593
940829868
643510742
2039209030
2093600975
7215225394
916944504
6264099291
699049093
787015487
8514494154
8025011549
464860219
1061405825
794938492
1375817213
1987944423
1955666211
5958051071
8587082863
8242585707
2139196230
7348734754
1808590961
7402412451
7020801377
2047311385
280722325
5150784893
5239861153
8130896597
2126135689
5161831219
8437150691
1326508389
5423599163
5772986085
633462861
436394614
849877846
7438142739
1920585362
8198909066
7619270737
1412352088
2087555657
6245365361
5427526206
7040054186
602364380
1988232430
1865614867
857883628
521635307
8020303715
7515763093
8407767185
5675714556
1829990173
8037005205
1840898512
6905628731
1478721089
262628309
726996348
5009148248
5871773950
7144920546
1090646427
8071235526
566734298
134222094
6817221467
7497369647
8037150178
5460084773
6543762750
6849865766
1069647294
7388082903
1438693684
772057619
383294724
7090780608
633429802
8140963880
8228865777
6252833523
6371679795
5049177835
7430781185
8239251272
840020765
6568874378
1780490441
918417606
7064214395
115151847
841604380
8137530766
8476560504
664757029
6788041995
6304550194
8314382600
662751910
7189175636
872571376
8278294476
5548677594
802079790
8154990201
7835810611
8012710081
6779100804
8267877616
1549172858
6500133336
6014369356
5280013933
7091222216
8450861343
6537306629
5359875679
6261803576
6054936948
1363310886
8430523760
7894101286
7644356902
8009916218
6196937885
5411689178
1101563737
7500342945
5479849386
911903971
1802151400
5867332205
1198510107
6040093571
5954792993
979892322
8259967410
965278935
1184026948
5750374526
7566571031
709263061
7213989023
6537901072
7529897516
8179849603
6500785069
843560998
5970286849
6399878525
778528064
5808597275
568578554
680010515
1007621739
5714367081
1496726120
6228728449
652379580
1728212857
2142893557
5786369659
735102281
8265625431
6369725114
6325144657
6992417055
5511962446
8304889287
1943673180
7321051417
8314130854
533258871
5650274384
5672967011
5288731949
7272268290
970379880
362127407
8183806241
6714775986
732403849
468681539
763228351
6466944508
572034595
5261746719
7458032448
797316385
2120113690
5390062160
8034898144
1499726236
1029489486
6097397195
1428214559
6895075170
8306913179
1382690979
6602653321
7515468705
7164704747
8084530014
8180712253
1771105272
6944626831
6772070478
7317687665
8005494350
8210942724
5311796427
5714384667
6400168508
1615486663
101040627
1417272364
7353075820
5314625920
8099677652
6098325439
165259384
8132587279
7127237131
7900352004
5574307355
5484042312
5090234702
1483298073
5088817951
7011989530
704706703
2046162216
974055414
8058700176
808150359
296373974
5128278844
8350592775
1158967428
1063501844
7727434669
6546853409
934751040
917650558
6888070566
1704490318
52899384
5582483837
551497606
7028311049
418519588
8013125112
5261960227
1376273060
5002808558
6263639660
7451647738
913880884
910615512
8256277530
5031220675
721561150
8593665571
8168999585
7301937836
1608583502
8141845435
6888030049
5575768696
5393543505
6915316154
8419721735
1436778839
7461788147
5977451758
6761176477
8503648131
8000239760
1980381729
6298404913
7318254230
6108454889
6911569029
2015598777
6579947741
5155057622
6831157643
1488588099
7747351524
1391202173
6508976647
1396632485
7703115462
6364807248
611906391
5559916200
1377632985
1674648105
2005000064
1009186569
5183056879
7324602512
7967654588
1940302409
6573525650
7919807010
1078866888
8115098838
341788180
554566633
578673071
1813551947
327768736
8421472193
650397009
5639684861
5724417042
2138375865
5288292939
6978810694
690588519
3587140
8484040389
820409283
5879032199
906428070
755233365
5906889267
705853845
7974786337
8045816847
6456891259
6558480672
5897647032
6625102981
5313696960
8187398560
8434455951
851142613
655599794
8511248822
6173451089
5505988246
524866369
6463501349
908077133
8317468556
7854597466
5590554364
6798047242
8059550462
1261667782
7772391776
1087910331
514338313
921557896
1380050572
1872495526
6333413559
1674101527
7253371977
5040260350
6221022310
5305652611
7296829315
8339510519
2142172150
737389409
7682693100
275830664
1398735364
7508382623
6493057189
1073651146
5623354859
8160035330
5556426358
1294351361
5019147855
7819491799
1236526879
6036763556
7772238988
1031321661
6742429434
571405071
1953300276
1096094699
313169825
5620847213
7147784123
1714551103
8287932163
7974554478
688088703
557777097
922113680
1552382710
6233935417
1007260123
7130603416
972643998
5738595827
7291626516
5315676795
432689183
5026476039
6524527953
5964342488
8390211350
1981905524
1178510570
5639772817
1619032228
6777355231
655773336
5574116133
340356613
595450990
8472642479
5446103778
6497272021
7139527003
6357274003
5812016637
5997528669
7274701635
6578445710
5868058321
890597112
7063225151
714790605
1665120353
6090080413
6862966122
1446686079
8329085861
7348224613
1741662271
6976859985
1350480838
712441654
6911260034
6669316783
671060110
7383225432
807249114
1799228840
7514425841
8044327874
8260595573
8007849030
1520800626
6866645476
8133917824
7240668930
6482215512
8080316384
7621677970
1869807959
5540932532
7610105244
964076421
1097881023
7630251636
1404930499
6530665691
1108422858
936374690
7028113213
826688021
8136539644
1158217065
710398357
1211935732
5362830466
6989585
5005651723
8594344404
8083553182
7363071764
6763738513
1411430418
149869926
7916685310
6510858696
7657863730
8476292608
1073978655
8144469060
7887895728
804637548
1424360233
2121745689
1515442334
7356986586
7504817463
342663287
8364286683
5233696966
8011692961
7965212753
5649404401
1115550641
7447043677
7547870217
6997603140
6835038202
1326074385
5528684896
5983129154
7141576129
6831171781
1651101729
851770772
5756492666
1480874482
7661873008
6123387836
1974941597
7600569863
7253441819
6005978292
8125812924
8386925836
7891066604
320977802
7282456427
7010674012
1157625048
7628646387
7892900934
7295568122
7613917645
6735839709
7538694032
6968569013
1013852162
1916579418
1040551706
849436366
7934099220
2031829106
7537569688
1847321696
7529886069
1189408610
585818662
5449486505
8263933902
5609240774
2084419340
1087145136
5930360660
2116852870
5947802696
6827975187
847767783
1577126657
8582085895
5848987372
7726780902
7752946102
5742789630
1955979039
6426747899
7880877106
8583825221
8203667674
6069424679
6258290760
8306386871
7620193700
7354562452
8195197673
6323305715
7987052509
6104922670
5000192693
1949572027
6499690400
8322019634
8467685178
7831721408
837402790
5171102316
8346494033
6054769250
7084082305
8493979361
5949229384
8474924630
7855595561
8013796412
5549558103
1048473170
740462135
5667068367
7298297050
6763809260
6813817724
1982247495
6834967001
7652636490
6283034643
790619312
6287433155
5665216220
6348296240
1424806200
7494488660
7970572154
567445301
1422196897
8461409904
5379132194
751501115
5534635031
5181457268
6577776255
377932908
7678966170
6574079088
507359942
882338828
5633404342
5750692957
1319397600
1108318864
5472807503
757533549
7246654698
7860430611
5574701406
1035328302
7919525566
8353379479
6204622391
7919073301
548492263
7975129043
6788785856
6215581551
5056468800
1117850846
6175033607
2128550950
8161125231
6592037316
7020930620
1105726982
7282915370
8232420936
5476556301
7665679714
1020665447
7097891088
8191681237
988826179
6594536819
816897502
6223982538
7527922807
6565031737
7309056578
6892256211
2140094531
1467586468
1044766346
1167220072
601566273
7008302311
6388182059
1295705151
7002154718
861119507
7600319584
497485284
924365847
6802028193
672199788
6950041960
781373971
464732515
6600927244
7676835653
6909343799
303695619
6109506976
5889000953
829534206
6166544961
7512747801
6384046346
473807880
805409923
6890710130
1724710776
5533998901
5875688952
1265627036
7572373749
303691538
7883191654
1967876230
5951243865
7535875325
5539118888
6943159066
1107061784
693792152
428185532
7527126119
1144919063
6741974728
497348440
7562617096
766455441
921614482
8556163307
8204901728
8465183051
7655001374
7702466358
8153204571
1066185963
2056595824
5995612312
995790752
1043772608
521070814
1243497676
8399849104
5901759260
5066543762
7706934902
6994806863
5968323560
1430805999
1146839995
487703778
8447566402
1877076305
5724404146
747592869
751355494
6356134945
1643382934
7021743284
7883829419
8195040692
5509804242
6439013576
8573140314
6919578730
1657810440
8491928061
635698251
6915164907
7965746207
6711365998
581986475
6712736039
1120780078
6612020013
6682893882
7770195451
7344799736
5768178490
1665833392
854403170
8101293871
39440640
865373666
1732409815
5985878099
6873902286
7310916013
7436469941
6605236982
5947075785
6664455165
7435037320
5037300192
1198523367
5111577915
8518515466
587591198
6097684805
6011967941
215349265
1192424500
7075206975
8591418209
1189942286
5303282361
458247498
8423807267
5809415076
6866317390
8242310564
2036726882
8353051042
71837220
8272984225
837787774
6096400308
8313382707
8466253993
7237199075
1722600576
803619959
7391096069
6131931866
6182986488
6516023635
552751811
8037066981
5955209544
285841272
2012521920
7658992769
6316790518
716681998
7335138149
6305761330
5168424720
7431842415
7570553228
8239820398
7098563949
6261639329
7135635337
7430214819
5527533124
7676422930
5452741068
403157802
7480474434
7979914730
298419663
2036491880
7296404080
5183407458
6606662907
7740546593
5888305404
5775441416
5264626284
1759999383
371066321
8220963513
887131782
7355006553
8277544385
7573064387
1016185824
716716140
1330745758
1509778693
5877084831
504328295
7712688848
8594971399
1390708316
8269058243
6946131650
7898081901
5771668503
8231961409
1063585381
8092589208
8448358927
7289375035
8472199079
5689102279
1925989037
7529405398
7998387501
5004481436
6542633710
6351072061
958506653
6455205069
711820741
5964111754
8013152058
995964232
5552598025
8341050361
5289828709
8263887298
1430548385
5146225295
2006045747
7118373390
6402354919
719222029
5675458554
2006569933
744386479
7651403592
7919921859
7432792336
7229735225
8157318110
8055098155
5301122269
5146550073
8249180707
6915066739
1340398890
1235990662
789084836
1431589402
1661954138
1124369125
7894153935
7815708002
84577661
7739034541
5871905738
5752864506
6513733370
8018203216
1664728734
1091866118
6613596630
1019145678
1475186507
7698846958
919317024
7879566601
1689794941
389673672
7202399706
1012295842
6981730426
895441745
1313726716
1091761513
2079833570
5710159304
1629366510
5171578949
6075092479
6965540423
2049024815
7522700653
7915628548
1228775947
5516469397
6642751540
5658474664
5047723572
1240385068
7546282212
824393559
5914959672
1720308183
685739753
7728025469
801811489
1065417499
7304948084
151135247
1096823330
461200707
8143357028
8092608492
7207569229
5327426518
232847071
7807576288
6200852842
677264575
5967732615
6087410709
1441531022
6701021445
8149693065
7603504217
1582588801
973159291
7371015156
7115385431
7223741825
6641302660
5378834756
6939563135
935563619
1836577667
408773331
6210809041
7132966601
5350946375
5147423789
7241302938
6346284057
6378463200
7943636043
1630223141
6681351872
8562643820
391522938
8070183020
1312483552
141806813
8282944097
1223291627
6453050554
6960271227
7860669275
8243193155
8004980102
6828634578
6418809757
1925910503
1973695429
301013514
328680024
940292718
7311423547
5220938515
8025317219
2005324556
6009481185
761103819
8476578303
556339982
1849023680
5525862507
6559198422
7734299187
7759325037
880692036
701695395
8316019008
688102120
764924096
8161817364
151915450
1242989900
8562616814
6154943640
6376990941
7642777609
1075469662
1816734984
7556934604
848206063
1539893015
659072079
7217313499
476906284
7394682895
1361422358
8496114299
7410429143
6904477696
8182772850
8288976383
5820306615
6984626429
6961329736
6141332762
970064665
961805421
7392635244
1611954765
7938396179
324392786
72669498
6008795538
653833888
6048524276
782927542
607089589
609844720
7414945211
7883213640
8167991200
1352794006
7752214939
7608460855
169881291
8348896813
7434951314
8565016254
7576167250
826770539
5786079560
7740226199
541910107
5823347326
834666593
1930025417
214422363
5705813283
5936134642
70434266
8271932645
5065566177
1344706848
7921058779
8011987335
1817296342
458355609
7173853529
1832233284
7759935982
787864744
6008689402
1084416978
662428025
5628857119
5474675697
5965810666
6333239137
7053608947
7110796169
969456721
7113216519
648652805
6562760880
8237285163
7436287736
8359879541
6068818519
1961837941
7098446342
77936347
732317224
7542878804
768841798
5448645158
5667240803
5111809746
677457071
1177691283
1966199485
2139788497
556555021
5034347145
1047233955
8441525712
8308902499
7567126945
7404589615
8335655092
6338606199
1664887016
2038579910
622922133
1414390121
7990458004
8194217433
1205976488
5410247267
7913094590
5207399474
729439991
1830971315
6411103649
6445158954
430920935
1846490911
7916065078
2105233782
8185833187
6649524540
1083481320
1093218450
640045562
6492859382
564596865
5460678018
243801793
6450238501
7212567877
5761170368
5084827293
1149503290
5574929145
1275909225
8593637364
696615681
7554589189
6005790457
5802599099
1053841566
222769754
852273510
6725951280
5611625034
1835198609
7316151192
1696047443
6135854468
8237289073
90131118
6676664428
7175962230
8471264823
6082529091
386731673
7099881234
436088014
7492846606
322609419
6275181698
1482194234
737997307
1231838925
1472447353
1537069741
6033984942
8555225988
375266673
6807497059
7343817464
6875091167
7072215706
8062844330
7577861104
8209577307
7836510652
8181181722
6457609141
567705965
5103844111
788452579
7602440321
265030286
8221742192
6431579033
458449500
8102991232
1014890638
1929466283
7886694714
7211526154
6977217373
7788185272
8034637273
829794500
6294158282
5017784429
7245215589
1170676945
869076496
6370845134
2029184943
878214489
886235856
1119795650
1492106993
8412639709
605061656
7774575594
8517514073
6462010457
2138771929
6964773744
851937351
823092257
7610220707
676164517
6332383479
1058496153
703974049
8343506191
7339223273
668468937
8155750196
1904604920
500443652
1981095411
442093837
1725434055
1343912098
194684549
5824291850
790934115
6598622179
8129798658
7702358253
8560763066
8313837129
1771168810
5405396227
8387104985
1397725239
7262894397
6467538753
1217818454
5554884922
1549025995
1780191455
612571891
947350863
1008915615
2095250412
1146738457
6682533918
7007031761
7086033594
7967376350
478625029
6254310299
8134744478
861427755
8490300053
5863368290
6092450330
331930937
5394968957
5529892174
5811493227
8449648327
7846546897
620837826
7951149548
784644515
669784300
1060281481
1331482111
5870214992
7698798981
7876702036
5890448384
5392206717
7148427400
519412514
7268646537
5039105216
7523984155
5682299741
7243210395
911354753
997949548
7125732685
7451889166
6375533366
6637553642
8286177986
2124057200
6404915846
2106577322
6610246240
5101599324
7529664597
6786567231
1364624018
5298790775
6877818468
7272237710
5948377280
481548170
7539741627
8095805724
646012589
1027268335
5876512245
8157819405
7095358502
616691569
1222260653
341269854
5407573098
7899550012
7885392554
2074311316
5437146198
5090311369
420159785
7940188414
8139562666
1453496
6190541057
1641023153
866868138
8500670229
8221039385
791970053
614527292
7863091363
5114903406
567046493
7820065042
6945376340
1441556627
1968173138
572841465
5854143854
5606486248
793422724
8474351611
1219074290
7369148240
7980921194
238877708
5928130198
7184470990
7683586844
652865032
424336004
5746833062
5380150799
6481020233
1724829378
774326961
1227480900
541042363
5664619967
5019336286
735367570
1371236037
1326195687
7677851632
599536228
7082174938
1938238517
1100012517
5556122302
6649899359
7362285349
6192335413
6908801544
6806718710
7261780799
7137888889
1443752650
8111580015
5189608344
8148097871
8172201929
273282676
424283858
1514720383
8341365135
7573741335
6355476632
7825846430
8278284231
8350564444
7058501132
1201390730
7515968019
5966133670
6501403497
7490649412
510095635
926634403
6643091466
8269524347
5749503757
452467827
211749429
5242852904
891988286
1158656577
5535922441
6402149342
6458418963
7268092937
7205371464
8286923832
8349603054
5054646010
5556193150
694150595
879119731
5321464263
2025375472
7411469038
1226638043
6635174671
7350912397
8517043043
7416276420
6201274147
125298482
8095870388
5193442954
974270307
8230882274
5054974266
708593455
7111675054
6738293641
6602707954
1721408038
6921057316
749810007
768807249
593238145
7535207708
2096298223
6353119725
1957363816
5919768593
5059611135
7943995305
7819496405
1327227521
7112669328
5521444636
825738178
8361931350
7724273110
1090131043
7557381733
7866673023
377508484
674141075
703017558
6134309157
6566603683
1959718046
5016950396
5209462157
5832627644
6738753927
1022965529
8108663622
494677050
8262189785
8058850983
6304600605
6085920745
1702545865
615745736
929758447
7026147265
599319870
1335987036
8436303191
399974777
1734342440
5655899637
7636866119
1794867905
5817389920
8492157012
461352790
6745641716
5147141261
5824385373
498422207
1305975661
6247772181
1052488440
7066428845
1236799216
7647325568
5486825396
8398473460
899681724
1954927196
818742357
5702173195
6180734795
899245227
8375036113
6866530458
1672367894
476138581
7853384580
6221105843
964273035
7933436486
5098218224
1940679083
377405731
6979626897
270057933
523153088
8227331273
1771432525
5317736463
681768626
7664731468
1479726018
957390837
5098563816
1274277037
6539731822
2013147581
387315438
5520260036
5368012591
687086253
5021349523
7812209144
258308016
539434867
2005006934
5482444280
1639329319
6059092936
2127048816
5290936889
873585281
8117066434
50329667
676794912
6958185289
480195142
7623579894
6763183258
5679905180
8447349260
618944232
2071883688
444531773
2067407390
7324418523
5166636882
5058879950
477368405
2142062262
8011155259
723077688
7881026057
6099943665
1693550813
129734533
7861320945
6895250607
1311403324
1075007588
910697889
6499184232
5485051758
5925930964
37164558
631859880
5785949368
489338676
7424992797
8537040738
336006859
5218089778
7985910804
5228025407
5264294795
6835711026
1072954624
5143756890
6084438983
552763184
5623428812
5042674152
7917237773
5382018446
7121888612
533550575
7225476676
1009774869
7161732596
5894495127
7335088907
1327053076
698283499
1671031064
1683791520
7393832553
491874874
6126472725
6870145640
5561077288
7409270347
7978684757
6022106577
6043842707
5573933369
1881496876
6051387455
1085972885
5894497509
7497377878
1642497527
2054903888
77963916
874705919
1052590503
7590352120
8566865640
8062194803
5985186592
5078642625
7740061594
7847414905
282184903
8489612500
2045645571
1646682116
38742025
8077382851
568447627
7286428384
1518982646
1984557677
1681066656
870071788
1321767316
8307927354
6764228225
764682469
7778185423
8059094539
8034718049
7480338923
6056889257
6440284586
5554820330
998067241
7318773436
701383075
5360988255
1593568273
8537729380
5059705870
5447065304
7759511853
363875874
1657721944
790128291
6214215489
8457781408
7141280048
6475488312
7975032866
7680164749
6782651751
215402570
8292077903
8294227116
7100843052
1385128861
8237757835
5373325853
6924699260
7613167555
6987066646
555764910
1042159155
1933993947
812583791
699989771
8493668211
658393882
1162070181
7898726488
464212695
8428216476
790807198
8549777345
593930756
362111655
374809770
344927787
933508555
7951556475
769405109
7775170767
7704880056
588308752
6296660526
8114782147
7163119280
7996508098
5244148844
703330291
7775525996
2075468015
1930437212
7893497428
520025541
6272425109
82439811
856390929
6086536578
7754713106
7809873691
7633968970
2065355176
5995822377
519812230
6012619087
303374659
8066046632
7120900866
5219434196
5466161372
5197962967
5630018114
400236645
7185098950
1041323799
537319262
6243804831
5567211495
8396757758
8277127528
6097939883
861393588
720913579
1034505554
921139491
6898329176
7215245089
1032798091
5846120361
7820890941
7377143777
762204293
5068683899
8547980472
5737067669
5043773042
6994071113
975261689
1374001051
673211037
836980971
7594563289
7401236995
479195774
5038380278
814156693
1266729138
8388914389
7158579263
6727566725
7983262989
6018842077
1962143233
206966817
5144537846
7934028269
135152534
8165217043
8319323679
1053886726
5278888646
1882163456
686374033
5644960250
1783261604
5836656180
1427465032
5251157638
6794074900
168534916
6127625274
1369245449
6755833396
7147577603
941913459
1199117401
1219518262
992789691
7905684236
5330350038
7897496752
7039295795
274777786
6168236475
5777880358
7653166044
6102949035
780842409
621313790
772737256
7883231562
5291488312
502025097
503891207
176462867
183267630
7412789659
1905434060
441721212
522061721
1962691698
7542573454
2006122126
6017744970
6888691777
5075335286
5169355961
231512252
670875617
8592572463
628777100
5293341081
7921756822
7944057487
5593766479
2144231137
7158169777
624009830
1199944935
468881244
462301623
694686586
257519129
1745027828
1032343229
2033149335
7124311127
6645911782
5382269017
6764582163
6360495589
8387230742
5426298589
6012213102
5821123963
1076500530
1278371211
216053137
5807972767
122219467
794255296
5312287826
7996989053
5067638914
2006596111
842847847
84838368
431272832
6511388532
6631869098
7037511780
803595978
1954409303
148409606
8474068365
6140009611
6524998569
1418484074
656458530
6526661005
5981275212
6734555449
873239230
736977664
7473799649
7875596957
7252883850
2113566745
7965574495
503774331
1441769740
1426914707
1627118965
1474384317
1604307095
1644719549
8053105251
5375726418
618473584
8271481571
5133704251
12190936
6957720943
717744098
978920562
136479877
5642507400
1299955999
362804737
8532438199
958937043
890948161
611822906
778361705
6244439197
5967197533
5729760298
1271671339
577653746
1146580696
6035312702
6434885213
1972867896
7452068056
523023073
831650673
7430683961
8154240558
5585061779
461889946
7381141720
581137115
215440704
1987540317
7247930468
823995537
639595707
696536247
662373753
2082692867
5811240995
144789041
8469987025
871527760
691293153
7622049584
1081553631
6260198237
6690509241
1488025556
5863782001
8126160964
758754004
6926161984
8089131830
443467307
1697313125
5458511386
1426529942
6564796005
5280497437
8413466540
1311997908
920387440
779146513
2728446
6725686630
5943770376
7009949442
474693319
507300733
1904823052
6256027057
5447616031
8527879731
8526149912
671331414
1026825983
6810379604
6856340121
580652479
7210830717
6883171112
1046488003
5629800369
741417785
7539915115
1068384887
1065298979
8193023077
589693807
782737109
5248725946
1891294099
8211050417
1301854263
621852323
6681401821
272714277
426576260
8466361777
1246793726
7505946085
1284221055
7154033125
5776119928
179386164
556369527
1859744985
5054053899
8449399399
802317295
1835408341
6987910284
855602442
5092899431
7865895698
1104626306
8116158327
6670340128
627365791
1873261250
6053257269
350433007
809272104
1935027795
7236723894
615036201
7199078768
7324008312
1677718836
987842192
6632315892
1957615049
1356688354
5080243006
6155184089
8070654972
548218247
699363760
5869647088
8226374616
5334973088
1819506743
7942372893
567763781
731123037
6198830659
1291441653
985884295
6396465052
887780822
1974704084
7479476329
7937351466
1683677237
7605344708
8244470263
5466310514
1756321294
765111796
1883045538
1700260117
556861245
7173571129
725229583
1175186469
6986224172
333925509
5812006968
173027577
767435686
5523588051
796694554
1233572025
5932634800
755707121
7910468309
7076297141
8044036957
1250082946
797649432
628007259
5709289677
5334164171
255247041
223190294
242662426
668723632
487603205
1161866690
1853651334
1211393680
1350636808
5739219685
629353147
8593242767
616555082
6758356221
7793723584
1124409962
8367017382
7466422606
5373837276
1147323630
287320328
7316123790
823136374
5742609883
8034215458
657900232
5830526512
5215383168
52141526
466654496
5095297448
7405685767
551924718
1020510099
409372544
1229949381
291197736
6588461688
8107467900
1028510168
5518152018
1166341837
928940991
7515291425
5093908979
6808039941
5057039187
1968773501
1207239221
6148434958
5468094482
405735380
1089948
5936854006
719059298
8353121151
346242243
8180134903
1685430143
1691063286
672212518
1368150674
8350548847
5452112495
1914935025
