2929187357
870631714
4363081706
2131643646
4834387001
323660550
6624061841
2446582219
6791936634
6882116945
3752700691
3674952807
3517002880
773263882
6314032484
4280066544
4584746923
6947303942
1543713292
1141145054
246821736
364779901
387170957
3711759330
3921713131
3746331553
2476410506
2672628669
1318788593
4661045780
4625329931
3945344402
6245216994
2774721194
5483398421
4890528011
6750424989
5904909051
4877909397
458447744
5365015312
1614408659
1097376671
6030481434
5605035051
4303659461
163887698
3051318265
108254585
804783537
2215391858
6075954062
3065836031
6789971683
6013313222
730008268
4974271046
1537483074
4792704666
875992938
6447555400
5806574626
416037683
6545415065
4429939315
2305484879
287899766
2109390311
4849923394
1905277692
4070212783
2314106117
5070305789
2949230259
1976661922
2399453537
6799721870
4972334170
5269792859
3147197216
5535523063
3439520647
5596350225
1875890828
2427473970
3871619025
6939164134
5935900401
2899795900
5025540401
4368150525
3159856444
2354189150
3968981187
6353521823
4439529309
5694155032
6395488045
5346523813
1908007374
3558215710
5440035320
6237192463
6954252742
2102761627
3717826157
4505687154
4339244940
3002091500
5936264117
4883816053
824839690
1175342627
3567517565
4153164293
3080887676
5060350994
4339065130
3751019893
1166908441
175527481
4257932997
701998494
4872244899
6384124933
2535382787
4088459522
4449405855
4108471526
5114775790
3933173227
6017780367
1077314672
6953306457
2197114654
6080882098
1443909842
4364760773
1573192289
2990186971
1317945708
2571599233
6238145552
6062689869
5272464525
338515481
1253998481
177191946
6139379993
2916323852
4888609024
2200773512
5480387160
1271274335
2662482251
936312334
6537044016
1840915027
5603157238
6148107144
240235316
2742791040
1641782499
5888323734
3117349061
5800206242
880989285
6821831732
1373522851
3066948526
1559104368
4356648702
2099308240
125275153
5234846097
4272760279
2138605510
4764872712
1843450672
5736052177
3473400606
6574283767
6394638268
3232188513
2449646584
4987030837
6005035546
1710516901
1265122929
5040237574
254776119
4180938096
4492322752
6660280868
3350833111
640597417
2622532647
3488823821
3965926251
4811865621
6016117161
939428131
4468357161
467042322
1271113683
2730897524
1380154612
4747628463
1599558144
455032942
4830133591
3474490046
6164157067
3198064604
1253864738
4812296373
5324309990
2543015463
4694264417
3268614753
6767990023
380701585
3245944520
800526592
5122239305
5486780262
2438303989
5740522463
5887078978
6854970178
4060451872
3362487765
4052582249
5068626382
4697442253
1977838619
4724265037
1334425125
3129475283
5664299664
1950410954
3737622843
3942458097
3817841304
1813266791
410069054
3801120815
1529511821
3812456056
967903621
5423430405
6575964000
5864998717
6143867706
1336482166
5728593894
5458642135
4650551827
2264727295
1254726877
5202185789
6480016203
1346674079
2794507717
5066406871
1492518663
1765063939
4438889421
1884037111
6063850503
4243320150
688319865
5010557335
5186941723
2381967054
3994425576
708068459
686758941
2733195614
2886195619
1393218481
3246619038
5991308431
2927348638
5999885752
142767796
1247982412
229102462
4439838542
1109572962
6180908845
6310715014
6737162319
2950323116
2010404078
3319863733
1153348262
6457284076
1075467733
6138170291
180000743
204935193
2431836390
3857089262
257475409
6173099702
5114881115
2326105900
3486079618
4549870336
3185622738
3373113130
780104242
1981338997
5712907873
1420771468
6069951684
635687162
246103332
3868523262
5906091277
4268515113
6344085909
5516423411
6569525827
6700360838
253048623
2529837334
4104472450
5721468495
6706579206
4041288302
5841528102
5600347028
3454725037
6879879031
971167449
2442017350
890765576
5308925322
6681197999
3271554495
2687348737
4110690059
425727096
5705041218
1016353486
2969230151
2051574250
4142523581
5161107227
3051582300
4003102547
5569919112
6269700928
2616409136
4456044663
281627693
2924378401
4252408290
5933915163
3757076354
4309661018
4298798846
2811348510
4074984921
3138343867
753950968
4236976404
6648635707
4710213200
6960928414
2648296778
4349760027
1396018609
6022281556
709803441
1069493574
4413609540
1892248811
4150790505
4363036267
1368475932
3423704378
3109692920
3184241541
6008888380
1173934843
2570338422
766781421
515374360
5083496527
2033751910
3632594225
754152973
5858188825
5620974019
3555704294
2574014268
3267702937
5924714181
510485612
1624196466
4113479105
4117772955
6949384375
3472465748
2681711067
1633466045
460930925
4191488129
3851643032
6189144157
6176764947
387454235
6839782403
6906705901
3924493123
2432461000
1628781468
5801149605
6681760582
1946500131
896811616
1538567517
5232698329
490517523
6603753220
6653895937
4580338293
175679908
448748957
3693785840
4484660845
3414972981
2929194459
5789076873
3946116357
4121238738
3044491095
690474581
4164740271
2228079315
6579732235
665468088
4926354846
799832794
6147533510
4848046290
2826907170
4119679178
3345026267
6082989184
6570976705
4047204875
1174505871
6447260781
6937556652
3182086661
6176910098
5036938146
4414435313
2471786011
3941886567
3631747296
1062696730
3893537432
4429551512
1688391139
5491707550
1526863883
3334537563
1004052608
877717853
2802017493
885980176
6893624403
485259848
2620780509
2097659232
1383980611
4521027271
2483086652
3132548343
5987072409
3295338254
909186557
1922998681
6448183984
3079112412
1142246735
5794728056
3198656330
316307291
4156330780
3270361796
6264497788
5250924311
1535684051
2793693070
5317739551
1585272038
1863105660
4358330979
3792014625
2874464584
2224657678
1875184747
1382484588
6812267479
3269208045
2535884982
6618593692
3234376289
5019139149
4126775428
1564815323
1625360849
3676356735
6949286020
2758326743
1953844788
5132182137
5257954712
410141740
6048125587
1283638639
5275749465
6781296854
4909388210
2702466562
5068446188
4740614833
1430881574
3948060420
536710374
2971138073
1149821667
6768227144
5611547478
4968586600
1426541772
4052589696
1111100360
3760544316
5259338860
5646771469
3103854825
1461577509
2974006729
1924864294
1807105162
2703508105
6741328441
5098654400
2761450144
3311044980
5911807723
3980907937
6341869762
3753786434
3918734577
3048398576
1815640181
3437796090
2760952510
153615733
2717086576
4555053423
2334060779
6156569817
1046796799
2798503675
4584187789
6217788634
2105786083
858640327
4681428005
1970918157
1025188827
104592464
4619550678
4318897498
2039434054
5143870025
3047987413
6982787959
4384003754
6369526394
731465355
1730291148
1970355933
6283323658
6040378277
169988811
4179875656
6469159332
6206448120
5783051857
6015386994
5458069867
2407421303
3493598475
6981752535
1239089244
4422838140
3170123699
3326310107
4930294840
2828000644
6689079238
1334563750
1013962957
6571483056
2581272461
4442644899
995513692
4901004143
5378177928
2908671663
2621816449
4469113220
5381552009
6505118649
5598480855
6040402981
6755659898
2612718416
6496770772
6803888498
6444282746
6435098550
4919731567
2605578927
1305906016
6262062795
3782648495
6114608035
4803488465
1253551943
2078895213
1419231913
186803050
1478429492
6774853776
4814301280
5492531151
1416170720
6124057423
1956481437
2454571242
1886337077
1852637273
6679650109
2250181507
337849349
2746109955
3163386130
2305643359
6893170941
5494406603
6704440115
3649333205
2650843699
745656189
4576790952
3530679695
2255056292
672975554
3730337992
3786278404
6303151622
3296772843
158256358
4119967425
1143112652
1883496875
2143701532
5862433875
461387016
559380928
1627354313
4722620824
6242598428
4298877906
3831479938
5623096399
1532081624
2165596721
1484690702
1865607734
2778704011
2587630041
6381739256
3615391104
4817669188
4290427993
6155079071
1726467381
3885158947
4660067360
6553424756
5798320422
195528000
3641234117
3363641565
4693756797
5582035317
5115196587
860785482
6425046996
251949404
877013158
3633924714
2928072141
6983933261
4312410827
6156576913
1673051513
5209026158
2811603976
2603679986
5638995033
3327946124
6024630773
2331744655
5774769619
5926142509
3533106138
3291254543
5190047572
2961396936
1819802915
1713785799
3217435025
3667206850
5582870752
391452671
1075580638
6264125594
4371807593
6797418024
4707778934
4333811897
5312794857
4405794933
4926874215
241621101
5000967930
4205370580
6796008162
1757324171
2904796056
6168463941
774862638
5812358723
2018291830
1138691019
6283860504
2618283054
261230697
3102070724
3014624469
456169397
5494252364
890199684
2767978281
4129239404
6107279059
1868810291
5569000715
2173029970
1688261476
1001083728
6042627114
3570142031
5720530715
1410440211
943467524
4759286892
3523574732
5638325884
5299520834
347227723
1151221973
2510059125
800065372
3339078870
5718322593
4106895332
6028702064
755906436
789734420
3106083842
4247901371
5601684509
5971998425
1973687973
5357908452
6042822671
6429849980
1998736779
1960338213
5956580026
6934962314
446361637
892254319
3822690725
3783583450
3267091242
5618147758
6680061339
112169353
2673328922
6520665347
3555392827
4730413148
6347700693
2858389154
320265758
2609509741
508680756
581894484
5124787960
723166482
5332674216
747771486
5265669685
3634591790
4752669806
6547356087
5206869089
5153302477
967224883
1382275621
2277817583
1158826005
6352999796
4255550709
4356179484
6736065679
2288181387
3528724590
2813595527
1212671178
6949953224
4870183015
207612576
6645479852
5665469210
5994967490
4871446328
2626286089
3565856991
2927782545
3581447401
6579055507
2000323212
1286545897
256646551
744109863
3497126424
4027460102
4225916136
2365134226
5294810262
2041910913
1724745885
5450901461
6156502187
5675819536
3746018467
3104997199
217904844
5003328179
4337980144
4844076320
1399808866
652060687
2668443652
3286591553
4436729014
2715703949
6491431690
3121190265
2042537271
5280294344
2055681258
4409377117
6923340329
1948673370
6063203516
1955401364
3830875360
819937730
2839239104
5198059934
3084214086
4338406314
5047384705
2379495509
2742875967
476054990
2319082835
3342397931
6468612444
4365487058
874128069
5165331870
1690262701
5073340109
2184840452
6536740132
2868291329
1774358885
6689190186
3354283643
6391187382
1461854101
3243725028
2419961888
5974103452
2663187409
3901141864
4049015172
703754417
6581663254
5572844720
6266353359
5758352514
4360472305
4608948093
4018687955
6403449569
6421135971
5144345755
2770653650
5618137649
3519570504
3773605979
8026601756
6882116945
870631714
2929187357
2446582219
4834387001
323660550
6624061841
4363081706
2131643646
3752700691
3674952807
6791936634
773263882
3517002880
6314032484
4280066544
1141145054
387170957
3711759330
4584746923
6947303942
246821736
364779901
1543713292
3921713131
3746331553
2476410506
2672628669
2774721194
1318788593
4661045780
4625329931
6245216994
3945344402
4890528011
5483398421
6750424989
5904909051
4877909397
6030481434
5365015312
458447744
1614408659
1097376671
5605035051
804783537
3051318265
4303659461
163887698
108254585
6075954062
6013313222
2215391858
6789971683
730008268
4974271046
4792704666
6447555400
5806574626
875992938
3065836031
416037683
4429939315
2109390311
287899766
1905277692
4849923394
6545415065
2314106117
2949230259
4070212783
5535523063
5070305789
2305484879
2399453537
6799721870
1976661922
5596350225
3147197216
3439520647
3871619025
5269792859
6939164134
1875890828
2427473970
2899795900
2354189150
5935900401
5025540401
3968981187
4368150525
4972334170
3159856444
6353521823
5694155032
4439529309
6395488045
3558215710
1908007374
5346523813
2102761627
1537483074
6954252742
6237192463
4505687154
3717826157
4339244940
3933173227
4883816053
3002091500
5440035320
5936264117
1175342627
4339065130
824839690
3567517565
4153164293
3751019893
4257932997
175527481
3080887676
4872244899
1166908441
6384124933
4088459522
2535382787
4449405855
4108471526
701998494
6017780367
5114775790
1077314672
2197114654
6953306457
1443909842
6238145552
4364760773
1573192289
5060350994
2990186971
6080882098
1317945708
5272464525
2571599233
6062689869
338515481
177191946
1253998481
2916323852
5480387160
4888609024
2200773512
6139379993
1271274335
2662482251
936312334
6537044016
1840915027
5603157238
6148107144
2742791040
4298798846
6574283767
1641782499
5888323734
3117349061
240235316
5800206242
1373522851
3066948526
4356648702
2099308240
1559104368
6821831732
125275153
5234846097
4764872712
4272760279
2138605510
1843450672
3473400606
6394638268
2449646584
6005035546
1710516901
3232188513
4987030837
1265122929
880989285
5040237574
5736052177
254776119
4180938096
4492322752
6660280868
640597417
3488823821
6016117161
1271113683
3965926251
4811865621
3350833111
2622532647
939428131
4468357161
467042322
2730897524
1380154612
4747628463
1599558144
455032942
3474490046
4830133591
6164157067
4812296373
3198064604
1253864738
2543015463
4697442253
5664299664
5324309990
4694264417
3268614753
6767990023
5122239305
2438303989
5486780262
800526592
380701585
5740522463
6854970178
5887078978
4060451872
3362487765
4052582249
5712907873
1334425125
1977838619
4724265037
3129475283
1950410954
3817841304
5068626382
3737622843
3942458097
1813266791
410069054
1529511821
5423430405
3812456056
3801120815
3245944520
5864998717
967903621
6143867706
1336482166
5458642135
5728593894
1254726877
2264727295
5202185789
4650551827
6480016203
1346674079
5066406871
6575964000
2794507717
1492518663
4438889421
1765063939
1884037111
6063850503
2886195619
5010557335
2381967054
5186941723
688319865
686758941
2733195614
3994425576
1393218481
708068459
5991308431
1247982412
2927348638
142767796
4439838542
5999885752
1109572962
6310715014
6737162319
3319863733
6180908845
2010404078
1153348262
1075467733
6138170291
2950323116
6457284076
180000743
3246619038
257475409
6173099702
204935193
3857089262
2431836390
5114881115
3486079618
3185622738
1981338997
229102462
2326105900
4268515113
3373113130
6069951684
635687162
246103332
1420771468
780104242
4549870336
5906091277
6344085909
3868523262
6569525827
6700360838
4104472450
253048623
5841528102
6706579206
5721468495
4041288302
2529837334
5516423411
5600347028
3454725037
6879879031
971167449
2442017350
890765576
5308925322
6681197999
3271554495
2687348737
4110690059
425727096
5705041218
2051574250
1016353486
4142523581
2969230151
5161107227
3051582300
4003102547
5569919112
4456044663
6269700928
2616409136
2924378401
281627693
5933915163
4252408290
3757076354
4309661018
2811348510
3138343867
4074984921
4236976404
6648635707
753950968
4710213200
2648296778
6960928414
4349760027
1069493574
6022281556
1396018609
3423704378
4413609540
1892248811
709803441
4363036267
4150790505
1368475932
3184241541
3109692920
2570338422
766781421
515374360
2033751910
754152973
3632594225
5083496527
3555704294
6008888380
3267702937
1173934843
5858188825
5620974019
5924714181
2574014268
1624196466
510485612
4117772955
4113479105
4243320150
2681711067
460930925
6949384375
3472465748
4191488129
1633466045
6189144157
387454235
3851643032
6839782403
6906705901
6176764947
2432461000
3924493123
1628781468
5801149605
6681760582
1946500131
5232698329
1538567517
896811616
6603753220
175679908
6653895937
490517523
4580338293
3414972981
448748957
3693785840
2929194459
4484660845
5789076873
4121238738
690474581
2228079315
665468088
3946116357
6579732235
4164740271
3044491095
799832794
4926354846
6147533510
4047204875
4848046290
4119679178
3345026267
2826907170
6082989184
6570976705
1174505871
3182086661
6447260781
6937556652
5036938146
6176910098
4414435313
2471786011
3941886567
1062696730
3893537432
3631747296
4429551512
5491707550
1688391139
1526863883
3334537563
877717853
1004052608
2802017493
885980176
6893624403
485259848
2620780509
2097659232
2483086652
4521027271
3132548343
1383980611
5987072409
3295338254
909186557
1922998681
6448183984
3079112412
1142246735
5794728056
3198656330
316307291
4156330780
3270361796
6264497788
5250924311
1535684051
5317739551
2793693070
1585272038
4358330979
1863105660
3792014625
2874464584
1875184747
1382484588
3269208045
2224657678
2535884982
6812267479
3234376289
6618593692
4126775428
5019139149
1564815323
1625360849
3676356735
6949286020
2758326743
1953844788
5132182137
410141740
5257954712
5275749465
6048125587
1283638639
6781296854
4909388210
2702466562
4740614833
5068446188
536710374
1430881574
2971138073
1149821667
6768227144
5611547478
4968586600
1426541772
3948060420
4052589696
3760544316
1111100360
5259338860
1461577509
5646771469
3103854825
1924864294
1807105162
2974006729
2761450144
2703508105
6741328441
5098654400
3311044980
3980907937
5911807723
6341869762
3918734577
2760952510
1815640181
3753786434
3048398576
3437796090
2334060779
4555053423
2717086576
153615733
6156569817
2798503675
4584187789
6217788634
858640327
4681428005
2105786083
1970918157
104592464
4318897498
4619550678
1025188827
2039434054
5143870025
6982787959
3047987413
4384003754
731465355
6369526394
4930294840
1730291148
169988811
6283323658
4179875656
6040378277
6469159332
1970355933
6206448120
5783051857
5458069867
6015386994
3493598475
2407421303
3326310107
5812358723
6981752535
1239089244
4422838140
6689079238
1013962957
2828000644
3170123699
1334563750
6571483056
2581272461
4442644899
995513692
2908671663
2621816449
4901004143
5378177928
5381552009
4469113220
6505118649
5598480855
6040402981
6755659898
4814301280
6496770772
6803888498
2612718416
6435098550
6444282746
4919731567
2605578927
6262062795
3782648495
1305906016
6114608035
1253551943
1419231913
1478429492
186803050
6774853776
1416170720
5492531151
6124057423
2078895213
1956481437
2454571242
1886337077
1852637273
6679650109
3163386130
2250181507
337849349
2746109955
4803488465
5494406603
6893170941
2305643359
6704440115
3649333205
2650843699
745656189
672975554
3530679695
2255056292
3730337992
4576790952
3786278404
6303151622
1143112652
158256358
461387016
2143701532
6155079071
1883496875
5862433875
559380928
4119967425
1627354313
3296772843
4722620824
6242598428
4298877906
5623096399
2165596721
1532081624
1484690702
1865607734
3831479938
2778704011
2587630041
6381739256
4817669188
1726467381
5798320422
3615391104
195528000
4290427993
4660067360
6553424756
3885158947
3641234117
1046796799
3363641565
4693756797
5582035317
5115196587
877013158
251949404
6425046996
2928072141
860785482
3633924714
6983933261
4312410827
6156576913
1673051513
5209026158
2811603976
2331744655
2603679986
3327946124
6024630773
5774769619
1713785799
5926142509
3291254543
3533106138
5190047572
2961396936
1819802915
3217435025
5582870752
1075580638
5601684509
6264125594
4333811897
6797418024
391452671
5638995033
4707778934
4926874215
3667206850
774862638
4371807593
5312794857
4405794933
4205370580
241621101
5000967930
6168463941
1757324171
6796008162
2904796056
2018291830
6283860504
1138691019
3102070724
2618283054
261230697
456169397
890199684
3014624469
1868810291
5494252364
2767978281
6107279059
4129239404
5569000715
1688261476
2173029970
1001083728
6042627114
3570142031
4759286892
5720530715
5299520834
1410440211
943467524
3523574732
5638325884
2510059125
347227723
1151221973
5971998425
800065372
4106895332
5718322593
6028702064
3339078870
755906436
3783583450
789734420
3106083842
1973687973
4247901371
5357908452
6042822671
1960338213
6429849980
5956580026
6934962314
1998736779
892254319
446361637
3822690725
3267091242
6680061339
5618147758
112169353
3555392827
4730413148
6520665347
6347700693
2673328922
6923340329
2858389154
320265758
2609509741
508680756
581894484
5124787960
723166482
747771486
5332674216
5265669685
3634591790
4752669806
6547356087
5206869089
5153302477
967224883
2277817583
1382275621
4356179484
4255550709
1158826005
6352999796
2288181387
2813595527
3528724590
1212671178
6949953224
3497126424
6736065679
207612576
6645479852
4870183015
5994967490
5665469210
4871446328
3565856991
2927782545
2626286089
6579055507
3581447401
2000323212
1286545897
256646551
744109863
4225916136
4027460102
2365134226
2041910913
5294810262
1724745885
5450901461
5675819536
6156502187
3746018467
3104997199
217904844
5003328179
4337980144
4844076320
1399808866
2668443652
652060687
4436729014
2715703949
6491431690
3121190265
2042537271
5280294344
3286591553
2055681258
4409377117
6063203516
1948673370
3830875360
2839239104
819937730
1955401364
5198059934
3084214086
4338406314
2742875967
2379495509
5047384705
476054990
2319082835
3342397931
4365487058
874128069
2184840452
5165331870
5073340109
6536740132
6468612444
1690262701
2868291329
3354283643
6391187382
3243725028
6689190186
1461854101
2419961888
5974103452
2663187409
3901141864
703754417
6581663254
1774358885
6266353359
5758352514
5572844720
4360472305
4608948093
6421135971
4049015172
4018687955
6403449569
3519570504
3773605979
5144345755
5618137649
2770653650
